4.26892227e-06, 0.00000000e+00, 0.00000000e+00, 3.00723057e-02,
0.00000000e+00, 1.81987064e-06, 1.37099386e-01, 3.07597264e-01,
1.17412334e-05, 0.00000000e+00, 0.00000000e+00, 7.68810592e-02,
6.31930090e-04, 8.53033960e-03, 1.69922775e-02, 8.09343194e-03,
1.85524606e-08, 0.00000000e+00, 5.99931009e-03, 0.00000000e+00,
0.00000000e+00, 0.00000000e+00, 7.60999255e-05, 1.14790590e-06,
1.17366399e-01, 1.14198997e-02, 0.00000000e+00, 3.89959469e-06,
0.00000000e+00, 0.00000000e+00, 0.00000000e+00, 7.32325158e-05,
0.00000000e+00, 6.57038847e-05, 1.35262607e-02, 2.21752146e-05,
0.00000000e+00, 6.23984265e-02, 8.66896181e-03, 0.00000000e+00,
2.79329075e-03, 1.93734536e-06, 9.73141818e-04, 0.00000000e+00,
2.06456979e-06, 5.23236864e-02, 1.94160263e-02, 4.95664089e-03,
8.15198301e-04, 4.23687933e-02, 4.42582323e-03, 1.96317046e-02,
0.00000000e+00, 2.24109549e-03, 0.00000000e+00, 3.52501762e-03,
4.90427532e-03, 0.00000000e+00, 2.95825462e-03, 0.00000000e+00,
4.75344631e-03, 5.37095814e-03, 0.00000000e+00, 8.05441066e-04,
2.21958440e-02