3.78227234e-02, 5.35090003e-05, 1.02894781e-04, 1.49786865e-04,
 1.04764847e-04, 1.63700344e-04, 7.86159754e-01, 1.66692644e-01,
 1.62399039e-04, 1.36344403e-04, 1.23864607e-04, 3.25831398e-03,
 1.11413574e-04, 1.12267953e-04, 1.12513058e-04, 1.15435665e-04,
 9.74491413e-05, 7.48724633e-05, 7.42438278e-05, 8.17979526e-05,
 9.10188464e-05, 8.10626516e-05, 1.62408571e-04, 9.22517429e-05,
 6.92411995e-05, 6.06398789e-05, 6.15876997e-05, 2.05707460e-04,
 9.76096126e-05, 9.17855941e-05, 7.44235294e-05, 8.87563365e-05,
 7.44791614e-05, 6.22049338e-05, 6.85490304e-05, 6.57211494e-05,
 6.70680165e-05, 1.42811637e-04, 9.89059918e-05, 9.52478367e-05,
 1.08733664e-04, 8.95528574e-05, 1.07477274e-04, 1.15086681e-04,
 8.60139335e-05, 7.83390569e-05, 6.42610321e-05, 1.03312457e-04,
 9.24527631e-05, 8.45081231e-05, 7.72333588e-05, 8.96328202e-05,
 2.81332632e-05, 2.14036554e-04, 3.18860257e-05, 3.27980561e-05,
 5.04529162e-05, 2.01942370e-04, 7.67721576e-05, 5.93836303e-05,
 6.03012268e-05, 2.65900104e-04, 1.67839185e-04, 8.06350436e-05,
 7.12153196e-05